-6
-6
-6
-6
-6
-6
-6
-6
-6
-6
-6
-6
-6
-6
-6
-6
-6
-6
-6
-6
-6
-18
-18
-18
-18
-18
-18
-18
-30
-30
-30
-30
-30
-30
-32
-32
-32
-32
-32
-42
-42
-42
-42
-53
-53
-53
-63
-63
-63
-63
-73
-73
-73
-73
-73
-73
-87
-87
-87
-89
-89
-89
-89
-89
-79
-79
-71
-70
-66
-66
-72
-72
-65
-65
-62
-62
-56
-56
-48
-48
-46
-47
-48
-48
-38
-40
-40
-35
-35
-33
-18
-18
-16
-14
-14
-8
-5
-5
9
14
14
10
9
21
21
21
21
24
24
26
28
26
26
26
35
31
34
31
29
28
28
28
30
27
31
36
37
43
38
37
35
35
34
31
35
34
38
41
40
40
38
34
31
32
30
28
25
22
21
20
21
15
13
11
11
9
9
9
8
7
7
7
7
7
6
5
5
3
1
1
1
1
1
1
1
1
1
1
1
0
0
0
0
0
0
0
0
0
0
0
0
0
0
0
0
0
0
0
0
0
0
0
0
0
0
0
0
0
0
0
0
0
0
0
0
0
0
0
0
0
0
0
0
0
0
0
0
0
0
0
0
0
0
0
0
0
0
0
0
0
0
0
0
0
0
0
0
0
0
0
0
0
0
0
0
0
