-5
-5
-5
-5
-5
-5
-5
-5
-5
-5
-5
-5
-5
-5
-5
-5
-5
-5
-5
-5
-5
-15
-15
-15
-15
-15
-15
-15
-21
-21
-21
-21
-21
-21
-36
-36
-36
-36
-36
-47
-47
-47
-47
-59
-59
-59
-65
-65
-65
-65
-76
-76
-76
-75
-75
-75
-83
-83
-83
-76
-76
-80
-80
-80
-71
-71
-68
-68
-59
-59
-60
-60
-60
-60
-59
-59
-55
-55
-56
-56
-46
-46
-39
-39
-37
-29
-29
-26
-26
-22
-10
-10
-10
-12
-12
-14
-15
-15
-8
-3
-3
0
4
4
4
13
12
16
16
17
21
20
22
22
16
18
29
32
30
28
26
26
27
32
32
28
35
39
44
41
38
39
43
41
43
37
39
40
37
30
32
28
27
24
27
23
21
21
20
20
20
19
21
20
20
18
14
12
10
10
10
10
9
8
8
7
6
4
3
3
1
1
1
1
1
1
1
1
1
1
1
1
0
0
0
0
0
0
0
0
0
0
0
0
0
0
0
0
0
0
0
0
0
0
0
0
0
0
0
0
0
0
0
0
0
0
0
0
0
0
0
0
0
0
0
0
0
0
0
0
0
0
0
0
0
0
0
0
0
0
0
0
0
0
0
0
0
0
0
0
0
0
0
0
0
0
