-9
-9
-9
-9
-9
-9
-9
-9
-9
-9
-9
-9
-9
-9
-9
-9
-9
-9
-9
-9
-9
-13
-13
-13
-13
-13
-13
-13
-26
-26
-26
-26
-26
-26
-36
-36
-36
-36
-36
-50
-50
-50
-50
-60
-60
-60
-69
-69
-69
-69
-73
-73
-73
-78
-78
-78
-82
-82
-82
-81
-81
-82
-82
-82
-75
-75
-84
-84
-70
-70
-69
-69
-72
-72
-68
-68
-62
-62
-53
-53
-49
-49
-40
-40
-37
-26
-26
-23
-23
-25
-15
-16
-5
-2
-2
-1
-2
-2
3
9
9
8
7
9
9
15
23
25
25
27
31
34
33
35
36
34
32
29
32
38
37
37
37
40
37
42
50
50
51
51
51
47
45
42
36
36
42
41
41
35
34
29
27
23
24
23
22
21
16
17
14
13
12
10
10
10
9
10
11
9
6
4
3
3
3
3
3
2
2
2
2
2
1
1
1
0
0
0
0
0
0
0
0
0
0
0
0
0
0
0
0
0
0
0
0
0
0
0
0
0
0
0
0
0
0
0
0
0
0
0
0
0
0
0
0
0
0
0
0
0
0
0
0
0
0
0
0
0
0
0
0
0
0
0
0
0
0
0
0
0
0
0
0
0
0
0
0
0
0
0
0
0
0
0
0
0
