-8
-8
-8
-8
-8
-8
-8
-8
-8
-8
-8
-8
-8
-8
-8
-8
-8
-8
-8
-8
-8
-14
-14
-14
-14
-14
-14
-14
-20
-20
-20
-20
-20
-20
-33
-33
-33
-33
-33
-46
-46
-46
-46
-54
-54
-54
-60
-60
-60
-60
-73
-73
-73
-81
-81
-81
-82
-82
-82
-81
-81
-80
-80
-80
-71
-71
-71
-71
-72
-72
-67
-67
-65
-64
-64
-64
-61
-61
-56
-56
-41
-41
-39
-39
-34
-32
-32
-28
-28
-15
-8
-8
-7
-1
-1
-1
-1
-1
8
16
16
12
19
26
26
26
24
27
27
32
28
26
28
28
27
29
27
30
37
38
36
37
36
39
35
33
37
37
36
37
39
40
39
44
44
41
36
32
31
32
29
28
26
25
21
21
19
17
18
16
14
13
13
11
10
9
10
10
10
8
8
7
5
5
5
5
5
5
5
4
3
1
0
0
0
0
0
0
0
0
0
0
0
0
0
0
0
0
0
0
0
0
0
0
0
0
0
0
0
0
0
0
0
0
0
0
0
0
0
0
0
0
0
0
0
0
0
0
0
0
0
0
0
0
0
0
0
0
0
0
0
0
0
0
0
0
0
0
0
0
0
0
0
0
0
0
0
0
0
0
0
0
0
0
0
0
