-79
-78
-80
-80
-80
-80
-80
-80
-80
-80
-80
-80
-80
-80
-80
-80
-80
-80
-80
-80
-80
-99
-99
-99
-99
-99
-99
-99
-115
-115
-115
-115
-115
-115
-107
-107
-107
-107
-107
-94
-94
-94
-94
-92
-92
-92
-91
-91
-91
-91
-86
-86
-86
-55
-55
-55
-42
-42
-42
-35
-35
-10
-10
-10
5
5
25
25
42
42
66
66
69
69
69
69
80
80
81
81
76
76
71
71
67
63
63
59
59
59
57
57
50
44
44
37
33
33
27
24
24
20
19
15
15
14
13
10
10
10
10
10
11
11
10
8
9
7
6
5
5
5
3
3
2
2
1
1
1
1
1
1
1
1
0
0
0
0
0
0
0
0
0
0
0
0
0
0
0
0
0
0
0
0
0
0
0
0
0
0
0
0
0
0
0
0
0
0
0
0
0
0
0
0
0
0
0
0
0
0
0
0
0
0
0
0
0
0
0
0
0
0
0
0
0
0
0
0
0
0
0
0
0
0
0
0
0
0
0
0
0
0
0
0
0
0
0
0
0
0
0
0
0
0
0
0
0
0
0
0
0
0
0
0
0
0
0
0
0
0
0
0
0
0
0
0
0
0
0
0
0
0
0
0
0
0
