-8
-8
-8
-8
-8
-8
-8
-8
-8
-8
-8
-8
-8
-8
-8
-8
-8
-8
-8
-8
-8
-15
-15
-15
-15
-15
-15
-15
-29
-29
-29
-29
-29
-29
-37
-37
-37
-37
-37
-49
-49
-49
-49
-51
-51
-51
-66
-66
-66
-66
-78
-78
-78
-81
-81
-81
-86
-86
-86
-86
-86
-82
-82
-82
-77
-77
-70
-70
-69
-69
-65
-65
-58
-59
-54
-55
-54
-54
-43
-43
-35
-35
-29
-29
-29
-28
-28
-22
-22
-26
-22
-22
-14
-15
-15
-18
-13
-13
-14
-11
-11
-5
-8
7
8
17
20
21
21
19
17
19
15
16
23
27
32
31
26
30
31
30
30
31
29
24
24
21
26
27
28
30
32
31
34
32
29
32
28
31
31
33
30
28
24
24
22
23
19
19
17
20
19
16
15
11
9
8
8
8
6
6
6
6
6
5
5
3
3
3
3
3
2
2
1
1
1
1
1
1
0
0
0
0
0
0
0
0
0
0
0
0
0
0
0
0
0
0
0
0
0
0
0
0
0
0
0
0
0
0
0
0
0
0
0
0
0
0
0
0
0
0
0
0
0
0
0
0
0
0
0
0
0
0
0
0
0
0
0
0
0
0
0
0
0
0
0
0
0
0
0
0
0
0
0
0
