-8
-8
-8
-8
-8
-8
-8
-8
-8
-8
-8
-8
-8
-8
-8
-8
-8
-8
-8
-8
-8
-15
-15
-15
-15
-15
-15
-15
-23
-23
-23
-23
-23
-23
-33
-33
-33
-33
-33
-44
-44
-44
-44
-56
-56
-56
-71
-71
-71
-71
-82
-82
-82
-81
-81
-81
-73
-73
-73
-73
-73
-77
-77
-77
-84
-84
-85
-85
-86
-86
-80
-80
-62
-62
-59
-59
-59
-59
-52
-52
-53
-53
-49
-50
-41
-45
-45
-40
-40
-38
-28
-28
-21
-18
-18
-19
-3
-3
1
6
6
7
8
14
14
15
20
24
24
30
33
32
35
35
33
40
42
41
38
38
41
41
41
43
44
39
40
41
39
39
39
35
36
39
44
43
41
40
39
41
38
32
29
26
22
20
18
17
14
14
13
13
10
10
10
10
7
7
7
6
5
5
5
4
4
4
4
3
2
2
2
2
2
2
1
0
0
0
0
0
0
0
0
0
0
0
0
0
0
0
0
0
0
0
0
0
0
0
0
0
0
0
0
0
0
0
0
0
0
0
0
0
0
0
0
0
0
0
0
0
0
0
0
0
0
0
0
0
0
0
0
0
0
0
0
0
0
0
0
0
0
0
0
0
0
0
0
0
0
0
0
0
0
0
0
0
