-6
-6
-6
-6
-6
-6
-6
-6
-6
-6
-6
-6
-6
-6
-6
-6
-6
-6
-6
-6
-6
-11
-11
-11
-11
-11
-11
-11
-21
-21
-21
-21
-21
-21
-28
-28
-28
-28
-28
-33
-33
-33
-33
-41
-41
-41
-49
-49
-49
-49
-55
-55
-55
-64
-64
-64
-58
-58
-58
-65
-65
-64
-64
-64
-63
-63
-67
-67
-69
-69
-62
-62
-61
-61
-61
-61
-52
-52
-57
-58
-49
-49
-42
-42
-54
-47
-47
-52
-52
-48
-49
-50
-42
-33
-33
-27
-13
-13
-7
-6
-6
-3
4
7
7
8
16
20
20
25
25
21
22
22
20
23
25
25
22
22
24
24
18
12
14
16
18
19
15
19
23
20
22
20
17
16
12
18
14
16
19
22
26
31
32
32
29
23
22
21
22
22
21
17
20
15
12
12
12
11
8
8
7
7
7
5
4
4
4
4
4
4
4
2
2
2
2
1
1
1
1
1
1
1
0
0
0
0
0
0
0
0
0
0
0
0
0
0
0
0
0
0
0
0
0
0
0
0
0
0
0
0
0
0
0
0
0
0
0
0
0
0
0
0
0
0
0
0
0
0
0
0
0
0
0
0
0
0
0
0
0
0
0
0
0
0
0
0
0
0
0
0
0
0
0
0
