-6
-6
-6
-6
-6
-6
-6
-6
-6
-6
-6
-6
-6
-6
-6
-6
-6
-6
-6
-6
-6
-11
-11
-11
-11
-11
-11
-11
-26
-26
-26
-26
-26
-26
-37
-37
-37
-37
-37
-49
-49
-49
-49
-62
-62
-62
-69
-69
-69
-69
-71
-71
-71
-75
-75
-75
-76
-76
-77
-73
-73
-76
-76
-76
-77
-77
-70
-70
-65
-65
-68
-68
-65
-65
-57
-57
-49
-49
-47
-47
-51
-51
-49
-49
-43
-40
-40
-38
-38
-35
-36
-36
-26
-16
-16
-17
-15
-15
-12
-1
-1
0
8
18
18
18
22
20
20
22
18
19
13
13
11
7
8
10
13
11
16
16
24
29
32
36
34
33
31
30
27
27
27
28
27
29
28
31
29
30
27
27
25
25
24
23
22
22
22
22
21
17
17
16
14
11
10
10
8
8
6
6
5
5
3
3
3
3
3
3
3
3
3
2
2
2
2
2
2
2
1
1
1
1
1
1
1
0
0
0
0
0
0
0
0
0
0
0
0
0
0
0
0
0
0
0
0
0
0
0
0
0
0
0
0
0
0
0
0
0
0
0
0
0
0
0
0
0
0
0
0
0
0
0
0
0
0
0
0
0
0
0
0
0
0
0
0
0
0
0
0
0
0
0
0
0
