-3
-3
-3
-3
-3
-3
-3
-3
-3
-3
-3
-3
-3
-3
-3
-3
-3
-3
-3
-3
-3
-10
-10
-10
-10
-10
-10
-10
-24
-24
-24
-24
-24
-24
-40
-40
-40
-40
-40
-58
-58
-58
-58
-72
-72
-72
-75
-75
-75
-75
-78
-78
-78
-81
-81
-81
-89
-89
-89
-84
-84
-81
-81
-81
-74
-74
-70
-70
-63
-63
-63
-63
-63
-63
-57
-57
-51
-51
-45
-45
-47
-47
-46
-46
-33
-24
-24
-22
-22
-22
-13
-13
-7
-4
-5
5
13
13
17
12
12
15
20
24
24
25
27
29
29
27
28
25
19
19
27
32
34
36
33
35
36
36
43
40
39
40
42
42
42
38
44
42
43
44
37
38
36
39
32
27
26
25
25
24
22
23
23
23
18
18
16
16
17
17
14
13
12
10
10
7
6
6
5
5
5
5
4
3
2
2
2
2
1
1
1
1
1
1
1
1
1
0
0
0
0
0
0
0
0
0
0
0
0
0
0
0
0
0
0
0
0
0
0
0
0
0
0
0
0
0
0
0
0
0
0
0
0
0
0
0
0
0
0
0
0
0
0
0
0
0
0
0
0
0
0
0
0
0
0
0
0
0
0
0
0
0
0
0
0
0
0
0
0
0
0
0
