-66
-68
-68
-70
-70
-70
-70
-70
-70
-70
-70
-70
-70
-70
-70
-70
-70
-70
-70
-70
-70
-89
-89
-89
-89
-89
-89
-89
-94
-94
-94
-94
-94
-94
-90
-90
-90
-90
-90
-88
-88
-88
-88
-78
-78
-78
-66
-66
-66
-66
-65
-65
-65
-58
-58
-58
-54
-54
-54
-47
-47
-18
-18
-18
-4
-4
6
6
11
11
25
25
39
39
53
53
73
73
81
81
81
81
78
78
73
71
71
62
62
59
52
52
49
47
47
43
39
39
36
33
33
30
26
25
25
22
20
19
19
15
14
14
13
13
13
13
12
11
9
8
8
8
7
7
6
6
4
4
4
4
4
4
4
4
3
3
3
3
3
2
2
2
2
2
2
1
1
1
1
1
1
1
0
0
0
0
0
0
0
0
0
0
0
0
0
0
0
0
0
0
0
0
0
0
0
0
0
0
0
0
0
0
0
0
0
0
0
0
0
0
0
0
0
0
0
0
0
0
0
0
0
0
0
0
0
0
0
0
0
0
0
0
0
0
0
0
0
0
0
0
0
0
0
0
0
0
0
0
0
0
0
0
0
0
0
0
0
0
0
0
0
0
0
0
0
0
0
0
0
0
0
0
0
0
0
0
