-74
-74
-75
-75
-76
-77
-77
-77
-77
-77
-77
-77
-77
-77
-77
-78
-78
-78
-78
-78
-78
-96
-96
-96
-96
-96
-96
-96
-101
-101
-101
-101
-101
-101
-95
-95
-95
-95
-95
-88
-88
-88
-88
-75
-75
-75
-68
-68
-68
-68
-62
-62
-62
-52
-52
-52
-44
-44
-44
-23
-23
-2
-2
-2
8
8
17
17
31
31
45
45
59
59
69
69
84
84
88
88
94
94
90
90
85
78
78
69
69
65
59
59
56
51
51
49
43
43
38
33
33
29
25
24
24
21
18
17
17
15
13
12
11
11
9
8
8
9
9
8
8
8
7
6
5
5
5
5
5
3
3
3
2
2
2
2
2
2
2
2
2
2
2
2
1
1
1
1
1
1
1
0
0
0
0
0
0
0
0
0
0
0
0
0
0
0
0
0
0
0
0
0
0
0
0
0
0
0
0
0
0
0
0
0
0
0
0
0
0
0
0
0
0
0
0
0
0
0
0
0
0
0
0
0
0
0
0
0
0
0
0
0
0
0
0
0
0
0
0
0
0
0
0
0
0
0
0
0
0
0
0
0
0
0
0
0
0
0
0
0
0
0
0
0
0
0
0
0
0
0
0
0
0
0
0
0
