-8
-8
-8
-8
-8
-8
-8
-8
-8
-8
-8
-8
-8
-8
-8
-8
-8
-8
-8
-8
-8
-14
-14
-14
-14
-14
-14
-14
-20
-20
-20
-20
-20
-20
-35
-35
-35
-35
-35
-48
-48
-48
-48
-57
-57
-57
-63
-63
-63
-63
-75
-75
-75
-81
-81
-81
-81
-81
-81
-80
-80
-78
-78
-78
-71
-71
-71
-71
-71
-71
-67
-67
-63
-62
-63
-63
-60
-60
-54
-54
-38
-38
-38
-38
-33
-30
-30
-26
-26
-13
-7
-7
-5
1
1
1
2
2
10
17
17
13
20
28
28
28
26
28
28
31
27
24
26
26
23
26
24
28
35
37
36
37
36
40
35
33
35
36
35
36
38
38
37
42
41
38
32
28
27
29
26
25
23
23
20
20
19
17
18
16
14
13
13
11
10
9
10
10
10
8
8
7
5
5
5
5
5
5
5
4
3
1
0
0
0
0
0
0
0
0
0
0
0
0
0
0
0
0
0
0
0
0
0
0
0
0
0
0
0
0
0
0
0
0
0
0
0
0
0
0
0
0
0
0
0
0
0
0
0
0
0
0
0
0
0
0
0
0
0
0
0
0
0
0
0
0
0
0
0
0
0
0
0
0
0
0
0
0
0
0
0
0
0
0
0
0
