-6
-6
-6
-6
-6
-6
-6
-6
-6
-6
-6
-6
-6
-6
-6
-6
-6
-6
-6
-6
-6
-18
-18
-18
-18
-18
-18
-18
-29
-29
-29
-29
-29
-29
-39
-39
-39
-39
-39
-51
-51
-51
-51
-51
-51
-51
-57
-57
-57
-57
-71
-71
-71
-83
-83
-83
-86
-86
-86
-89
-89
-95
-95
-95
-90
-90
-79
-79
-79
-79
-81
-81
-69
-69
-62
-62
-65
-65
-53
-53
-52
-52
-43
-43
-39
-34
-34
-27
-27
-20
-17
-17
-1
-1
-1
2
7
7
10
19
19
24
32
34
34
34
31
29
29
29
30
25
23
23
22
23
24
23
21
20
21
21
24
26
30
30
26
27
27
32
35
38
39
42
40
37
37
35
33
28
26
24
24
25
19
18
16
16
13
13
13
12
11
11
12
11
9
10
9
8
8
7
5
4
4
2
2
1
1
1
1
1
0
0
0
0
0
0
0
0
0
0
0
0
0
0
0
0
0
0
0
0
0
0
0
0
0
0
0
0
0
0
0
0
0
0
0
0
0
0
0
0
0
0
0
0
0
0
0
0
0
0
0
0
0
0
0
0
0
0
0
0
0
0
0
0
0
0
0
0
0
0
0
0
0
0
0
0
0
0
0
0
0
0
0
0
