-5
-5
-5
-5
-5
-5
-5
-5
-5
-5
-5
-5
-5
-5
-5
-5
-5
-5
-5
-5
-5
-14
-14
-14
-14
-14
-14
-14
-23
-23
-23
-23
-23
-23
-31
-31
-31
-31
-31
-37
-37
-37
-37
-47
-47
-47
-61
-61
-61
-61
-72
-72
-72
-81
-81
-81
-73
-73
-73
-71
-71
-72
-72
-73
-69
-69
-70
-70
-78
-78
-73
-73
-76
-76
-76
-76
-68
-69
-63
-63
-57
-57
-53
-54
-40
-37
-37
-33
-34
-29
-16
-16
-7
1
1
-4
2
2
2
4
4
4
4
4
4
10
12
15
15
16
19
24
24
24
24
27
27
28
30
23
31
31
24
24
28
26
26
25
25
31
24
24
26
30
27
28
28
28
32
32
28
27
28
27
24
22
23
20
22
22
21
19
21
19
18
17
16
16
17
14
10
8
7
8
7
7
6
6
6
5
3
2
2
1
1
0
0
0
0
0
0
0
0
0
0
0
0
0
0
0
0
0
0
0
0
0
0
0
0
0
0
0
0
0
0
0
0
0
0
0
0
0
0
0
0
0
0
0
0
0
0
0
0
0
0
0
0
0
0
0
0
0
0
0
0
0
0
0
0
0
0
0
0
0
0
0
0
0
0
0
0
0
0
0
0
0
