-7
-7
-7
-7
-7
-7
-7
-7
-7
-7
-7
-7
-7
-7
-7
-7
-7
-7
-7
-7
-7
-14
-14
-14
-14
-14
-14
-14
-20
-20
-20
-20
-20
-20
-34
-34
-34
-34
-34
-35
-36
-36
-36
-43
-43
-43
-47
-47
-47
-47
-58
-58
-58
-68
-68
-68
-70
-70
-70
-68
-68
-70
-70
-70
-69
-69
-71
-71
-65
-65
-64
-65
-62
-62
-62
-63
-56
-56
-56
-56
-48
-48
-42
-42
-48
-43
-43
-47
-47
-41
-35
-36
-21
-14
-14
-16
-9
-9
-4
-1
-1
-3
-2
-2
-2
1
6
7
7
11
15
14
13
13
20
21
22
30
31
26
23
23
23
17
20
19
15
18
15
13
19
24
23
25
24
23
20
19
23
22
25
24
27
26
29
28
29
30
30
31
27
24
23
21
20
15
14
13
13
12
9
8
8
7
7
5
4
4
4
4
2
2
2
2
2
1
1
1
1
1
1
1
0
0
0
0
0
0
0
0
0
0
0
0
0
0
0
0
0
0
0
0
0
0
0
0
0
0
0
0
0
0
0
0
0
0
0
0
0
0
0
0
0
0
0
0
0
0
0
0
0
0
0
0
0
0
0
0
0
0
0
0
0
0
0
0
0
0
0
0
0
0
0
0
0
0
