-4
-4
-4
-4
-4
-4
-4
-4
-4
-4
-4
-4
-4
-4
-4
-4
-4
-4
-4
-4
-4
-12
-12
-12
-12
-12
-12
-12
-24
-24
-24
-24
-24
-24
-37
-37
-37
-37
-37
-51
-51
-51
-51
-60
-60
-60
-64
-64
-64
-64
-70
-70
-70
-82
-82
-82
-82
-82
-82
-74
-74
-77
-77
-77
-71
-71
-75
-75
-79
-79
-73
-73
-71
-71
-65
-65
-52
-52
-44
-44
-42
-42
-51
-51
-40
-38
-38
-28
-29
-30
-24
-24
-22
-20
-20
-15
-14
-14
-14
-8
-8
1
11
13
13
19
29
30
30
32
32
33
29
29
28
23
21
18
14
20
24
24
25
19
16
24
30
32
30
31
26
21
25
32
34
32
25
23
27
22
23
22
26
23
27
26
27
25
22
22
18
12
12
10
9
9
10
9
9
8
7
7
7
7
5
5
5
4
4
3
3
3
3
2
2
2
1
1
1
1
1
1
1
1
1
1
1
1
1
0
0
0
0
0
0
0
0
0
0
0
0
0
0
0
0
0
0
0
0
0
0
0
0
0
0
0
0
0
0
0
0
0
0
0
0
0
0
0
0
0
0
0
0
0
0
0
0
0
0
0
0
0
0
0
0
0
0
0
0
0
0
0
0
0
0
0
