-7
-7
-7
-7
-7
-7
-7
-7
-7
-7
-7
-7
-7
-7
-7
-7
-7
-7
-7
-7
-7
-14
-14
-14
-14
-14
-14
-14
-26
-26
-26
-26
-26
-26
-46
-46
-46
-46
-46
-55
-55
-55
-55
-68
-68
-68
-71
-71
-71
-71
-70
-70
-70
-71
-71
-71
-78
-78
-78
-85
-85
-84
-84
-84
-78
-78
-69
-69
-70
-70
-72
-72
-63
-63
-56
-56
-65
-65
-59
-59
-51
-51
-49
-49
-45
-40
-40
-25
-25
-27
-34
-34
-24
-22
-22
-11
-8
-8
-8
0
-1
4
8
11
12
15
16
25
25
28
30
29
26
26
33
34
33
33
29
32
32
32
30
22
22
24
32
32
34
48
45
45
46
46
39
36
39
35
34
33
29
28
25
24
23
25
21
21
19
18
19
15
15
16
16
16
9
8
8
8
7
5
5
5
4
4
4
3
3
2
2
2
2
2
2
1
1
1
1
1
1
1
1
1
1
1
1
1
1
1
1
1
1
1
0
0
0
0
0
0
0
0
0
0
0
0
0
0
0
0
0
0
0
0
0
0
0
0
0
0
0
0
0
0
0
0
0
0
0
0
0
0
0
0
0
0
0
0
0
0
0
0
0
0
0
0
0
0
0
0
0
0
0
0
0
0
