-6
-6
-6
-6
-6
-6
-6
-6
-6
-6
-6
-6
-6
-6
-6
-6
-6
-6
-6
-6
-6
-11
-11
-11
-11
-11
-11
-11
-23
-23
-23
-23
-23
-23
-33
-33
-33
-33
-33
-44
-44
-44
-44
-64
-64
-64
-72
-72
-72
-72
-76
-76
-76
-76
-76
-76
-79
-79
-79
-74
-74
-73
-73
-73
-71
-71
-61
-61
-58
-58
-61
-61
-56
-56
-54
-54
-52
-52
-50
-50
-43
-43
-37
-38
-32
-29
-29
-28
-28
-25
-20
-20
-20
-13
-13
-3
7
7
9
7
7
6
12
18
18
18
15
24
24
27
19
17
13
13
14
22
25
28
34
32
37
37
37
41
43
43
40
35
36
32
36
36
40
39
36
32
33
32
37
32
28
31
28
29
31
31
28
23
22
21
18
16
15
15
13
13
11
9
9
7
6
6
6
5
4
3
3
2
2
1
1
0
0
0
0
0
0
0
0
0
0
0
0
0
0
0
0
0
0
0
0
0
0
0
0
0
0
0
0
0
0
0
0
0
0
0
0
0
0
0
0
0
0
0
0
0
0
0
0
0
0
0
0
0
0
0
0
0
0
0
0
0
0
0
0
0
0
0
0
0
0
0
0
0
0
0
0
0
0
0
0
0
0
0
0
0
