-73
-74
-75
-75
-75
-75
-75
-75
-75
-75
-75
-75
-75
-75
-75
-75
-75
-75
-75
-75
-75
-100
-100
-100
-100
-100
-100
-100
-104
-104
-104
-104
-104
-104
-112
-112
-112
-112
-112
-98
-98
-98
-98
-94
-94
-94
-96
-96
-96
-96
-81
-81
-81
-65
-65
-65
-47
-47
-47
-30
-30
-23
-23
-23
-11
-11
5
5
21
21
40
40
49
49
63
63
65
65
69
69
73
73
76
76
74
74
74
69
69
62
61
61
53
49
49
46
40
40
36
33
33
29
26
25
25
23
21
19
19
17
17
16
16
16
15
13
12
10
10
10
9
9
9
9
10
7
6
5
4
4
4
4
4
4
4
4
4
4
3
3
3
3
3
3
2
2
2
1
1
1
1
1
1
1
1
1
0
0
0
0
0
0
0
0
0
0
0
0
0
0
0
0
0
0
0
0
0
0
0
0
0
0
0
0
0
0
0
0
0
0
0
0
0
0
0
0
0
0
0
0
0
0
0
0
0
0
0
0
0
0
0
0
0
0
0
0
0
0
0
0
0
0
0
0
0
0
0
0
0
0
0
0
0
0
0
0
0
0
0
0
0
0
0
0
0
0
0
0
0
0
0
0
0
0
0
0
