-10
-10
-10
-10
-10
-10
-10
-10
-10
-10
-10
-10
-10
-10
-10
-10
-10
-10
-10
-10
-10
-14
-14
-14
-14
-14
-14
-14
-25
-25
-25
-25
-25
-25
-36
-36
-36
-36
-36
-45
-45
-45
-45
-58
-58
-58
-64
-64
-64
-64
-71
-71
-71
-78
-78
-78
-75
-75
-75
-74
-75
-69
-69
-69
-73
-73
-73
-73
-68
-68
-58
-58
-59
-59
-56
-56
-58
-58
-52
-52
-44
-44
-36
-36
-33
-39
-39
-34
-34
-30
-28
-28
-26
-23
-23
-6
4
4
11
14
14
11
11
8
8
13
16
18
18
16
24
28
30
30
37
33
34
37
34
30
30
30
31
32
36
34
29
28
26
25
29
24
24
28
25
28
31
27
31
34
28
26
25
27
22
23
23
23
22
18
19
14
13
15
15
15
14
12
10
7
6
6
5
5
4
4
4
4
4
4
1
1
1
1
1
1
1
0
0
0
0
0
0
0
0
0
0
0
0
0
0
0
0
0
0
0
0
0
0
0
0
0
0
0
0
0
0
0
0
0
0
0
0
0
0
0
0
0
0
0
0
0
0
0
0
0
0
0
0
0
0
0
0
0
0
0
0
0
0
0
0
0
0
0
0
0
0
0
0
0
0
0
0
0
0
0
