-8
-8
-8
-8
-8
-8
-8
-8
-8
-8
-8
-8
-8
-8
-8
-8
-8
-8
-8
-8
-8
-15
-15
-15
-15
-15
-15
-15
-23
-23
-23
-23
-23
-23
-32
-32
-32
-32
-32
-42
-42
-42
-42
-53
-53
-53
-68
-68
-68
-68
-79
-79
-79
-78
-78
-78
-70
-70
-70
-71
-71
-74
-74
-74
-81
-81
-83
-83
-86
-86
-82
-82
-65
-65
-62
-62
-60
-60
-51
-51
-51
-51
-47
-48
-38
-43
-43
-38
-38
-36
-28
-28
-22
-18
-18
-20
-4
-4
0
7
7
8
9
15
15
16
19
24
24
30
33
32
35
35
32
39
41
40
36
35
39
39
39
41
42
38
39
40
39
39
38
33
34
37
42
42
40
39
39
41
38
33
30
27
23
21
19
18
16
16
15
13
10
10
10
10
8
8
8
7
6
6
6
5
5
5
4
3
2
2
2
2
2
2
1
0
0
0
0
0
0
0
0
0
0
0
0
0
0
0
0
0
0
0
0
0
0
0
0
0
0
0
0
0
0
0
0
0
0
0
0
0
0
0
0
0
0
0
0
0
0
0
0
0
0
0
0
0
0
0
0
0
0
0
0
0
0
0
0
0
0
0
0
0
0
0
0
0
0
0
0
0
0
0
0
0
