-9
-9
-9
-9
-9
-9
-9
-9
-9
-9
-9
-9
-9
-9
-9
-9
-9
-9
-9
-9
-9
-17
-17
-17
-17
-17
-17
-17
-32
-32
-32
-32
-32
-32
-46
-46
-46
-46
-46
-57
-57
-57
-57
-64
-64
-64
-69
-69
-69
-69
-75
-75
-75
-82
-82
-82
-84
-84
-84
-88
-88
-91
-91
-91
-93
-93
-86
-86
-79
-79
-80
-80
-81
-81
-70
-70
-61
-61
-53
-53
-48
-48
-43
-43
-39
-34
-34
-33
-33
-29
-26
-26
-9
-10
-11
-3
9
9
1
5
5
11
9
11
11
13
16
16
16
19
31
32
37
37
40
40
42
47
42
46
41
41
38
40
38
44
42
43
47
45
45
41
39
39
39
37
35
34
36
38
38
38
32
30
26
26
23
21
21
20
18
12
11
11
10
9
6
6
6
7
4
4
4
3
3
2
2
2
2
2
1
1
1
1
1
1
1
1
0
0
0
0
0
0
0
0
0
0
0
0
0
0
0
0
0
0
0
0
0
0
0
0
0
0
0
0
0
0
0
0
0
0
0
0
0
0
0
0
0
0
0
0
0
0
0
0
0
0
0
0
0
0
0
0
0
0
0
0
0
0
0
0
0
0
0
0
0
0
0
0
0
0
0
0
0
0
