-70
-72
-72
-71
-71
-71
-71
-71
-71
-71
-72
-72
-72
-72
-72
-72
-72
-72
-72
-72
-72
-102
-102
-102
-102
-102
-102
-102
-106
-106
-106
-106
-106
-106
-97
-97
-97
-97
-97
-93
-93
-93
-93
-83
-83
-83
-74
-74
-74
-74
-68
-68
-68
-62
-62
-62
-34
-34
-34
-28
-28
-11
-11
-11
4
4
15
15
22
22
34
34
42
42
62
62
68
68
70
70
69
69
69
69
72
70
70
68
68
62
55
55
51
45
45
39
36
36
31
28
28
24
21
17
17
16
15
14
14
11
10
11
7
7
7
7
7
5
5
4
4
4
2
2
2
1
1
1
1
1
1
0
0
0
0
0
0
0
0
0
0
0
0
0
0
0
0
0
0
0
0
0
0
0
0
0
0
0
0
0
0
0
0
0
0
0
0
0
0
0
0
0
0
0
0
0
0
0
0
0
0
0
0
0
0
0
0
0
0
0
0
0
0
0
0
0
0
0
0
0
0
0
0
0
0
0
0
0
0
0
0
0
0
0
0
0
0
0
0
0
0
0
0
0
0
0
0
0
0
0
0
0
0
0
0
0
0
0
0
0
0
0
0
0
0
0
0
0
0
0
0
0
0
0
0
0
