-7
-7
-7
-7
-7
-7
-7
-7
-7
-7
-7
-7
-7
-7
-7
-7
-7
-7
-7
-7
-7
-12
-12
-12
-12
-12
-12
-12
-17
-17
-17
-17
-17
-17
-29
-29
-29
-29
-29
-42
-42
-42
-42
-49
-49
-49
-55
-55
-55
-55
-68
-68
-68
-76
-76
-76
-78
-78
-78
-79
-79
-78
-78
-78
-70
-70
-71
-71
-72
-72
-68
-68
-67
-66
-65
-65
-62
-62
-57
-57
-44
-44
-42
-42
-37
-36
-36
-34
-34
-21
-19
-19
-15
-10
-10
-10
-11
-11
1
10
10
7
14
22
22
23
20
23
23
29
23
21
23
23
23
25
22
23
30
30
30
31
30
32
32
29
33
33
33
35
37
40
40
44
44
41
36
30
29
30
28
27
27
26
23
23
22
20
22
20
17
15
14
12
12
11
12
12
10
8
8
7
5
5
5
5
5
5
5
4
3
2
1
0
0
0
0
0
0
0
0
0
0
0
0
0
0
0
0
0
0
0
0
0
0
0
0
0
0
0
0
0
0
0
0
0
0
0
0
0
0
0
0
0
0
0
0
0
0
0
0
0
0
0
0
0
0
0
0
0
0
0
0
0
0
0
0
0
0
0
0
0
0
0
0
0
0
0
0
0
0
0
0
0
0
0
