-7
-7
-7
-7
-7
-7
-7
-7
-7
-7
-7
-7
-7
-7
-7
-7
-7
-7
-7
-7
-7
-9
-9
-9
-9
-9
-9
-9
-18
-18
-18
-18
-18
-18
-31
-31
-31
-31
-31
-43
-43
-43
-43
-48
-48
-48
-58
-58
-58
-58
-73
-73
-73
-73
-73
-73
-75
-75
-75
-70
-70
-65
-65
-65
-66
-66
-62
-62
-60
-60
-56
-56
-54
-54
-59
-59
-52
-52
-52
-52
-45
-45
-39
-39
-42
-43
-43
-26
-26
-22
-21
-21
-11
-4
-5
-2
-2
-2
-1
4
4
5
17
24
24
21
23
27
27
25
23
22
27
27
27
26
23
27
21
26
28
28
25
27
27
31
36
37
38
40
37
37
36
32
34
29
30
30
28
29
27
30
29
25
19
26
25
23
24
22
25
23
21
19
18
17
15
12
11
11
8
6
6
5
5
5
5
4
4
3
3
2
2
2
2
0
0
0
0
0
0
0
0
0
0
0
0
0
0
0
0
0
0
0
0
0
0
0
0
0
0
0
0
0
0
0
0
0
0
0
0
0
0
0
0
0
0
0
0
0
0
0
0
0
0
0
0
0
0
0
0
0
0
0
0
0
0
0
0
0
0
0
0
0
0
0
0
0
0
0
0
0
0
0
0
0
