-9
-9
-9
-9
-9
-9
-9
-9
-9
-9
-9
-9
-9
-9
-9
-9
-9
-9
-9
-9
-9
-16
-16
-16
-16
-16
-16
-16
-30
-30
-30
-30
-30
-30
-43
-43
-43
-43
-43
-53
-53
-53
-53
-60
-60
-60
-66
-66
-66
-66
-73
-73
-73
-80
-80
-80
-80
-80
-80
-84
-84
-89
-89
-89
-92
-92
-84
-84
-78
-78
-78
-78
-81
-81
-72
-72
-65
-65
-57
-57
-49
-49
-45
-45
-42
-37
-37
-36
-36
-30
-31
-31
-15
-14
-15
-8
2
3
-2
3
3
11
9
13
13
14
16
16
16
21
32
34
39
39
39
38
37
42
38
41
36
36
32
31
30
38
35
35
39
37
38
35
35
34
33
31
28
26
28
30
30
31
27
26
24
23
22
22
23
22
20
14
12
11
10
9
7
8
8
9
6
6
6
4
4
3
3
3
2
2
1
1
1
1
1
1
1
1
0
0
0
0
0
0
0
0
0
0
0
0
0
0
0
0
0
0
0
0
0
0
0
0
0
0
0
0
0
0
0
0
0
0
0
0
0
0
0
0
0
0
0
0
0
0
0
0
0
0
0
0
0
0
0
0
0
0
0
0
0
0
0
0
0
0
0
0
0
0
0
0
0
0
0
0
0
0
