-69
-70
-70
-70
-70
-70
-70
-70
-70
-70
-70
-69
-69
-69
-69
-69
-69
-69
-69
-69
-69
-92
-92
-92
-92
-92
-92
-92
-102
-102
-102
-102
-102
-102
-101
-101
-101
-101
-101
-91
-91
-91
-91
-87
-87
-87
-81
-81
-81
-81
-70
-70
-70
-63
-63
-63
-52
-52
-52
-35
-35
-16
-16
-16
1
1
19
19
31
31
40
40
48
48
57
57
63
63
74
74
74
74
75
75
82
74
74
66
66
65
61
61
53
47
47
44
42
42
36
32
32
29
27
25
25
24
18
17
17
17
14
12
11
11
10
7
7
7
7
7
7
7
7
7
4
4
4
4
4
4
3
2
2
1
1
1
1
1
1
1
1
1
1
1
1
1
0
0
0
0
0
0
0
0
0
0
0
0
0
0
0
0
0
0
0
0
0
0
0
0
0
0
0
0
0
0
0
0
0
0
0
0
0
0
0
0
0
0
0
0
0
0
0
0
0
0
0
0
0
0
0
0
0
0
0
0
0
0
0
0
0
0
0
0
0
0
0
0
0
0
0
0
0
0
0
0
0
0
0
0
0
0
0
0
0
0
0
0
0
0
0
0
0
0
0
0
0
0
0
0
0
0
0
0
0
0
