-6
-6
-6
-6
-6
-6
-6
-6
-6
-6
-6
-6
-6
-6
-6
-6
-6
-6
-6
-6
-6
-11
-11
-11
-11
-11
-11
-11
-21
-21
-21
-21
-21
-21
-35
-35
-35
-35
-35
-49
-49
-49
-49
-66
-66
-66
-77
-77
-77
-77
-83
-83
-83
-86
-86
-86
-90
-90
-90
-94
-94
-91
-91
-91
-90
-90
-87
-87
-77
-77
-76
-76
-73
-73
-68
-68
-58
-58
-48
-48
-39
-39
-41
-41
-36
-30
-30
-28
-28
-26
-9
-9
-4
1
1
-6
2
2
9
10
10
13
13
6
6
16
20
27
27
30
31
36
38
38
41
43
40
43
47
49
46
46
45
44
39
42
48
45
42
43
42
40
35
33
27
29
30
29
27
26
31
25
23
22
20
20
20
22
20
14
14
13
12
9
8
8
8
7
6
6
5
5
5
5
5
5
5
1
1
1
1
1
1
1
1
1
1
1
1
1
1
1
1
1
1
1
1
1
1
1
1
1
1
1
1
1
1
0
0
0
0
0
0
0
0
0
0
0
0
0
0
0
0
0
0
0
0
0
0
0
0
0
0
0
0
0
0
0
0
0
0
0
0
0
0
0
0
0
0
0
0
0
0
0
0
0
0
0
0
0
0
0
0
0
0
0
