-8
-8
-8
-8
-8
-8
-8
-8
-8
-8
-8
-8
-8
-8
-8
-8
-8
-8
-8
-8
-8
-11
-11
-11
-11
-11
-11
-11
-18
-18
-18
-18
-18
-18
-28
-28
-28
-28
-28
-39
-39
-39
-39
-51
-51
-51
-60
-60
-60
-60
-69
-69
-69
-68
-68
-68
-74
-74
-74
-75
-75
-76
-76
-76
-76
-76
-74
-74
-69
-69
-63
-63
-62
-62
-60
-60
-54
-54
-49
-49
-39
-39
-43
-43
-41
-39
-39
-38
-38
-34
-15
-15
-9
-7
-6
-12
-5
-5
3
8
8
16
16
12
12
22
23
25
25
30
28
33
34
34
35
34
30
31
33
32
30
30
31
33
31
34
36
34
28
29
29
29
28
26
23
27
28
28
26
25
31
26
25
25
26
27
28
28
25
21
19
17
19
15
14
13
13
11
10
9
8
8
8
8
8
8
8
3
3
3
3
2
1
1
1
1
1
0
0
0
0
0
0
0
0
0
0
0
0
0
0
0
0
0
0
0
0
0
0
0
0
0
0
0
0
0
0
0
0
0
0
0
0
0
0
0
0
0
0
0
0
0
0
0
0
0
0
0
0
0
0
0
0
0
0
0
0
0
0
0
0
0
0
0
0
0
0
0
0
0
0
0
0
0
0
0
