-7
-7
-7
-7
-7
-7
-7
-7
-7
-7
-7
-7
-7
-7
-7
-7
-7
-7
-7
-7
-7
-12
-12
-12
-12
-12
-12
-12
-17
-17
-17
-17
-17
-17
-28
-28
-28
-28
-28
-40
-40
-40
-40
-47
-47
-47
-54
-54
-54
-54
-67
-67
-67
-75
-75
-75
-76
-76
-76
-77
-77
-77
-77
-77
-69
-69
-70
-70
-71
-71
-67
-67
-66
-65
-66
-66
-63
-63
-58
-58
-46
-46
-45
-45
-40
-38
-38
-34
-34
-21
-19
-19
-15
-10
-10
-9
-10
-10
3
12
12
10
17
25
25
26
22
25
25
31
25
22
23
23
24
26
24
25
32
30
28
29
28
31
30
27
32
30
32
33
33
35
35
39
39
36
33
27
28
27
25
24
26
28
23
23
20
19
21
19
16
15
14
12
12
11
12
12
10
8
8
7
5
5
5
5
5
5
5
4
3
2
1
0
0
0
0
0
0
0
0
0
0
0
0
0
0
0
0
0
0
0
0
0
0
0
0
0
0
0
0
0
0
0
0
0
0
0
0
0
0
0
0
0
0
0
0
0
0
0
0
0
0
0
0
0
0
0
0
0
0
0
0
0
0
0
0
0
0
0
0
0
0
0
0
0
0
0
0
0
0
0
0
0
0
0
