-5
-5
-5
-5
-5
-5
-5
-5
-5
-5
-5
-5
-5
-5
-5
-5
-5
-5
-5
-5
-5
-12
-12
-12
-12
-12
-12
-12
-22
-22
-22
-22
-22
-22
-39
-39
-39
-39
-39
-47
-47
-47
-47
-56
-56
-56
-66
-66
-66
-66
-73
-73
-73
-84
-84
-84
-88
-88
-88
-91
-91
-94
-94
-94
-94
-94
-83
-83
-78
-78
-69
-69
-64
-64
-63
-63
-54
-54
-48
-48
-43
-43
-38
-38
-34
-28
-28
-22
-22
-14
-8
-8
-2
2
2
10
13
13
16
20
20
24
35
34
34
33
32
30
30
29
29
31
30
29
30
34
32
31
34
33
36
37
34
36
34
40
34
38
40
41
35
38
34
35
31
27
29
28
33
29
23
24
20
24
22
23
23
23
22
17
16
15
13
12
11
10
10
12
11
10
7
7
7
6
6
4
4
3
3
3
1
1
1
1
1
1
1
1
0
0
0
0
0
0
0
0
0
0
0
0
0
0
0
0
0
0
0
0
0
0
0
0
0
0
0
0
0
0
0
0
0
0
0
0
0
0
0
0
0
0
0
0
0
0
0
0
0
0
0
0
0
0
0
0
0
0
0
0
0
0
0
0
0
0
0
0
0
0
0
0
0
0
0
0
0
0
