-6
-6
-6
-6
-6
-6
-6
-6
-6
-6
-6
-6
-6
-6
-6
-6
-6
-6
-6
-6
-6
-11
-11
-11
-11
-11
-11
-11
-18
-18
-18
-18
-18
-18
-31
-31
-31
-31
-31
-40
-40
-40
-40
-48
-48
-48
-55
-55
-55
-55
-67
-67
-67
-73
-73
-74
-76
-76
-76
-72
-72
-73
-73
-73
-77
-77
-79
-79
-78
-78
-77
-77
-83
-83
-74
-74
-61
-61
-54
-54
-55
-55
-48
-48
-37
-29
-29
-31
-31
-22
-18
-18
-12
-7
-6
-6
-1
-1
5
2
2
7
8
5
5
7
19
22
22
23
23
20
19
19
15
19
20
14
20
20
22
22
16
16
18
22
14
12
11
14
21
31
28
33
32
29
25
25
28
29
35
34
31
31
25
24
23
29
29
28
25
24
19
20
19
19
16
16
13
11
7
7
7
7
8
5
4
2
2
1
1
1
1
1
1
1
1
1
0
0
0
0
0
0
0
0
0
0
0
0
0
0
0
0
0
0
0
0
0
0
0
0
0
0
0
0
0
0
0
0
0
0
0
0
0
0
0
0
0
0
0
0
0
0
0
0
0
0
0
0
0
0
0
0
0
0
0
0
0
0
0
0
0
0
0
0
0
0
0
0
0
0
0
0
0
0
