-6
-6
-6
-6
-6
-6
-6
-6
-6
-6
-6
-6
-6
-6
-6
-6
-6
-6
-6
-6
-6
-13
-13
-13
-13
-13
-13
-13
-22
-22
-22
-22
-22
-22
-37
-37
-37
-37
-37
-46
-46
-46
-46
-52
-52
-52
-60
-60
-60
-60
-72
-72
-72
-78
-78
-78
-78
-78
-78
-83
-83
-86
-86
-86
-86
-86
-87
-87
-89
-89
-80
-80
-84
-84
-73
-74
-60
-61
-45
-46
-40
-40
-35
-35
-33
-43
-43
-42
-42
-35
-30
-30
-22
-10
-10
-18
-13
-13
-13
-5
-5
5
7
5
5
9
13
14
14
19
23
32
39
39
35
35
36
41
45
46
42
42
44
41
38
38
41
42
39
41
42
41
49
46
43
39
40
36
40
44
39
37
33
31
29
25
25
26
24
24
21
17
17
16
14
13
10
10
9
8
7
7
6
5
4
4
3
3
2
2
2
2
2
1
1
1
1
1
1
1
1
1
0
0
0
0
0
0
0
0
0
0
0
0
0
0
0
0
0
0
0
0
0
0
0
0
0
0
0
0
0
0
0
0
0
0
0
0
0
0
0
0
0
0
0
0
0
0
0
0
0
0
0
0
0
0
0
0
0
0
0
0
0
0
0
0
0
0
0
0
0
0
0
0
0
0
