-7
-7
-7
-7
-7
-7
-7
-7
-7
-7
-8
-8
-8
-8
-8
-8
-8
-8
-8
-8
-8
-13
-13
-13
-13
-13
-13
-13
-28
-28
-28
-28
-28
-28
-36
-36
-36
-36
-36
-45
-45
-45
-45
-52
-52
-52
-56
-56
-56
-56
-71
-71
-71
-79
-79
-79
-86
-86
-86
-88
-88
-90
-90
-90
-93
-93
-91
-91
-88
-88
-80
-80
-69
-69
-67
-67
-60
-60
-53
-53
-46
-46
-38
-37
-37
-31
-31
-27
-27
-21
-19
-19
-12
-12
-12
-5
3
3
1
9
9
11
19
27
27
24
30
31
31
31
30
24
22
22
23
24
25
26
28
23
27
27
34
31
27
25
21
22
20
23
24
21
22
23
28
33
33
30
31
35
33
30
24
20
18
17
17
18
15
18
17
14
15
13
12
12
8
7
7
6
7
6
6
6
5
3
3
2
2
2
1
1
1
0
0
0
0
0
0
0
0
0
0
0
0
0
0
0
0
0
0
0
0
0
0
0
0
0
0
0
0
0
0
0
0
0
0
0
0
0
0
0
0
0
0
0
0
0
0
0
0
0
0
0
0
0
0
0
0
0
0
0
0
0
0
0
0
0
0
0
0
0
0
0
0
0
0
0
0
0
0
0
0
0
0
0
