-6
-6
-6
-6
-6
-6
-6
-6
-6
-6
-6
-6
-6
-6
-6
-6
-6
-6
-6
-6
-6
-17
-17
-17
-17
-17
-17
-17
-27
-27
-27
-27
-27
-27
-40
-40
-40
-40
-40
-54
-54
-54
-54
-62
-62
-62
-78
-78
-78
-78
-84
-84
-84
-86
-86
-86
-91
-91
-91
-93
-93
-95
-95
-95
-90
-90
-82
-82
-76
-76
-81
-81
-77
-77
-71
-71
-63
-63
-60
-60
-53
-53
-48
-48
-37
-32
-32
-34
-34
-27
-21
-21
-9
2
2
7
9
8
7
8
9
14
12
24
24
23
27
23
23
16
17
13
16
16
15
15
20
18
18
19
21
21
23
21
22
29
31
36
38
39
40
39
34
34
40
44
38
30
32
31
32
28
26
22
24
18
21
19
23
21
22
18
17
14
13
13
11
9
7
6
7
6
5
4
4
4
3
2
2
1
1
1
1
0
0
0
0
0
0
0
0
0
0
0
0
0
0
0
0
0
0
0
0
0
0
0
0
0
0
0
0
0
0
0
0
0
0
0
0
0
0
0
0
0
0
0
0
0
0
0
0
0
0
0
0
0
0
0
0
0
0
0
0
0
0
0
0
0
0
0
0
0
0
0
0
0
0
0
0
0
0
0
0
0
0
0
